seed: 444
architecture:
  hid1_dim: 150
  hid2_dim: 150
  out_dim: 40
  p: 0.3
optimizer:
  lr: 0.001
  beta1: 0.9
  beta2: 0.999
  eps: 0.00000001
  weight_decay: 0.000001
  num_epochs: 5
