FCDataset:
  seed: 444
autoencoder:
  hid1_dim: 300
  hid2_dim: 300
  out_dim: 100
  lr: 0.001
  beta1: 0.9
  beta2: 0.999
  eps: 0.00000001
  weight_decay: 0.00001
  num_epochs: 150
